0 0 1
1 1 2
2 1 41
3 2 3
4 2 4
5 2 1
6 3 2
7 4 2
8 4 5
9 4 6
10 5 4
11 5 29
116 5 6
12 6 4
13 6 12
14 6 7
15 6 10
16 7 6
17 7 8
18 8 7
19 8 9
20 9 8
21 10 6
22 10 11
23 11 10
24 11 12
25 11 13
26 12 29
27 12 6
28 12 11
29 12 14
30 13 11
31 13 14
32 13 16
33 14 13
34 14 15
35 14 12
36 15 14
37 15 16
38 15 28
39 15 18
40 16 13
41 16 15
42 16 17
43 17 16
44 17 18
45 17 20
46 18 15
47 18 17
48 18 27
49 18 19
50 19 18
51 19 20
52 19 26
53 19 22
54 20 17
55 20 21
56 20 19
57 22 19
58 22 21
59 22 23
60 22 25
61 21 20
62 21 22
63 21 42
64 23 22
65 23 24
66 24 23
67 24 25
68 25 22
69 25 26
70 25 39
71 25 24
72 26 27
73 26 19
74 26 25
75 26 36
76 27 28
77 27 18
78 27 33
79 27 26
80 28 27
81 28 32
82 28 15
83 29 12
84 29 5
85 29 30
86 29 32
87 30 29
88 30 31
89 31 30
90 32 33
91 32 28
92 32 29
93 33 32
94 33 27
95 33 36
96 33 34
97 34 35
98 34 33
99 35 34
100 35 36
101 35 38
102 36 33
103 36 35
104 36 26
105 36 37
106 37 36
107 37 39
108 37 38
109 38 35
110 38 37
111 39 37
112 39 25
113 39 40
114 40 39
115 41 1
