40 992 52
23 420 65
24 695 70
22 412 257
21 77 262
39 990 262
38 1372 265
25 697 267
37 1087 272
26 697 457
35 1362 457
20 80 460
19 410 462
36 1025 462
18 410 652
27 697 652
17 80 657
33 977 657
34 1362 657
16 82 837
28 700 837
32 865 840
15 412 855
14 410 1072
13 82 1075
12 410 1267
11 82 1272
29 672 1327
30 1007 1442
6 420 1460
10 80 1465
7 302 1525
5 570 1540
4 542 1550
8 232 1612
31 1020 1675
9 92 1682
2 480 1722
3 577 1727
1 315 1792
0 277 1837
41 157 1745
42 102 150
